function cmap=fromQGIS2
%  black to purple to yellow
cmap=[      0     0     5
     0     0     5
     0     0     6
     1     1     6
     1     1     7
     1     1     7
     1     1     8
     1     1     8
     1     1     9
     1     1     9
     2     2    10
     2     2    10
     2     2    11
     2     2    11
     2     2    12
     3     2    13
     3     3    14
     3     3    15
     3     3    15
     3     3    16
     4     3    17
     4     3    18
     4     3    19
     4     4    19
     5     4    20
     5     4    21
     5     4    22
     5     4    23
     6     4    23
     6     5    24
     6     5    25
     6     5    26
     7     5    26
     7     6    27
     7     6    28
     8     6    28
     8     6    29
     8     6    30
     8     7    31
     9     7    31
     9     7    32
     9     7    33
    10     8    34
    10     8    35
    11     8    35
    11     9    36
    11     9    37
    12     9    38
    12     9    39
    12    10    39
    13    10    40
    13    10    41
    14    11    42
    14    11    43
    14    11    44
    15    11    44
    15    12    45
    16    12    46
    16    12    47
    16    12    48
    17    12    48
    17    13    49
    18    13    50
    18    13    51
    19    13    52
    19    14    52
    20    14    53
    20    14    54
    20    14    55
    21    14    56
    21    14    57
    22    15    58
    22    15    58
    23    15    59
    23    15    60
    24    15    61
    24    15    62
    24    15    63
    25    16    64
    25    16    65
    26    16    66
    26    16    66
    27    16    67
    27    16    68
    28    16    69
    28    16    70
    29    16    71
    29    16    72
    30    17    73
    30    17    73
    31    17    74
    31    17    75
    32    17    76
    32    17    77
    33    17    78
    34    17    79
    34    17    80
    35    17    81
    35    17    81
    36    17    82
    36    17    83
    37    17    84
    38    17    85
    38    17    86
    39    17    87
    39    17    88
    40    17    88
    41    17    89
    41    17    90
    42    17    91
    42    17    92
    43    17    93
    44    17    93
    44    17    94
    45    17    95
    45    17    96
    46    17    97
    46    17    98
    47    17    98
    48    17    99
    48    17   100
    49    17   101
    49    17   101
    50    17   102
    51    17   103
    51    16   103
    52    16   104
    52    16   105
    53    16   105
    54    16   106
    54    16   107
    55    16   107
    55    15   108
    56    15   109
    56    15   109
    57    15   110
    58    15   111
    58    15   111
    59    15   112
    60    15   112
    60    15   113
    61    15   113
    62    15   114
    62    15   114
    63    15   115
    64    15   115
    64    15   116
    65    15   116
    66    15   117
    66    15   117
    67    15   117
    67    15   118
    68    15   118
    69    15   118
    69    15   119
    70    15   119
    70    16   119
    71    16   120
    72    16   120
    72    16   120
    73    16   120
    73    16   121
    74    16   121
    75    16   121
    75    16   121
    76    17   122
    76    17   122
    77    17   122
    77    17   122
    78    18   123
    79    18   123
    79    18   123
    80    18   123
    80    18   123
    81    19   124
    82    19   124
    82    19   124
    83    19   124
    83    20   124
    84    20   124
    85    20   125
    85    20   125
    86    20   125
    86    21   125
    87    21   125
    88    21   125
    88    21   126
    89    22   126
    89    22   126
    90    22   126
    90    22   126
    91    22   126
    92    23   126
    92    23   127
    93    23   127
    93    23   127
    94    23   127
    95    24   127
    95    24   127
    96    24   127
    96    24   128
    97    25   128
    98    25   128
    98    25   128
    99    25   128
    99    25   128
   100    26   128
   100    26   128
   101    26   128
   102    26   128
   102    27   129
   103    27   129
   103    27   129
   104    27   129
   105    27   129
   105    28   129
   106    28   129
   106    28   129
   107    28   129
   108    29   129
   108    29   129
   109    29   129
   109    29   129
   110    29   129
   110    30   129
   111    30   129
   112    30   129
   112    30   129
   113    31   129
   113    31   129
   114    31   129
   115    31   129
   115    31   129
   116    32   129
   116    32   129
   117    32   129
   117    32   129
   118    33   130
   118    33   130
   119    33   130
   119    33   130
   120    33   130
   120    34   130
   121    34   130
   121    34   130
   122    34   130
   122    35   130
   123    35   130
   124    35   130
   124    35   130
   125    35   130
   125    36   129
   126    36   129
   127    36   129
   127    36   129
   128    37   129
   128    37   129
   129    37   129
   129    37   129
   130    37   129
   131    38   129
   131    38   129
   132    38   129
   132    38   129
   133    39   129
   134    39   129
   134    39   129
   135    39   129
   135    39   129
   136    40   129
   137    40   129
   137    40   129
   138    40   129
   138    40   129
   139    41   129
   139    41   129
   140    41   129
   141    41   129
   141    42   129
   142    42   129
   142    42   129
   143    42   129
   144    42   129
   144    43   129
   145    43   129
   145    43   129
   146    43   129
   147    43   129
   147    44   129
   148    44   129
   148    44   129
   149    44   129
   150    44   128
   150    44   128
   151    44   128
   151    45   128
   152    45   128
   152    45   128
   153    45   128
   154    45   128
   154    45   128
   155    46   128
   155    46   127
   156    46   127
   157    46   127
   157    47   127
   158    47   127
   158    47   127
   159    47   127
   160    47   126
   160    48   126
   161    48   126
   161    48   126
   162    48   126
   163    49   126
   163    49   126
   164    49   126
   165    49   126
   165    49   126
   166    50   125
   167    50   125
   167    50   125
   168    50   125
   169    51   125
   169    51   125
   170    51   125
   171    51   125
   171    51   125
   172    51   125
   172    52   124
   173    52   124
   173    52   124
   174    52   124
   175    52   124
   175    52   124
   176    52   124
   176    53   123
   177    53   123
   178    53   123
   178    53   123
   179    53   123
   179    54   122
   180    54   122
   181    54   122
   181    54   122
   182    54   122
   182    55   121
   183    55   121
   183    55   121
   184    55   121
   185    55   121
   185    56   120
   186    56   120
   186    56   120
   187    56   120
   188    57   119
   188    57   119
   189    57   119
   189    57   119
   190    57   119
   191    58   118
   191    58   118
   192    58   118
   192    58   118
   193    59   117
   193    59   117
   194    59   117
   195    59   117
   195    59   117
   196    60   116
   196    60   116
   197    60   116
   198    60   116
   198    61   115
   199    61   115
   199    61   115
   200    61   115
   201    61   115
   201    62   114
   202    62   114
   202    62   114
   203    62   114
   203    63   113
   204    63   113
   205    63   113
   205    64   113
   206    64   113
   206    64   112
   207    65   112
   208    65   112
   208    65   112
   209    65   111
   209    66   111
   210    66   111
   210    66   111
   211    67   110
   212    67   110
   212    67   110
   213    67   110
   213    68   109
   214    68   109
   214    68   109
   215    69   108
   215    69   108
   216    69   108
   216    70   107
   217    70   107
   217    70   107
   218    71   107
   218    71   106
   219    71   106
   219    72   106
   220    72   105
   220    73   105
   221    73   105
   221    74   105
   222    74   104
